mono pinhole calibration...
D = [0.026835572224872338, -0.09805968089771351, -0.0005038916123932336, 0.003468544476388059, 0.0]
K = [915.6011765757651, 0.0, 679.7236902421982, 0.0, 923.3153707523688, 433.5030927114608, 0.0, 0.0, 1.0]
R = [1.0, 0.0, 0.0, 0.0, 1.0, 0.0, 0.0, 0.0, 1.0]
P = [902.4756469726562, 0.0, 687.4553756236237, 0.0, 0.0, 924.544189453125, 432.999491426679, 0.0, 0.0, 0.0, 1.0, 0.0]
None
# oST version 5.0 parameters


[image]

width
1280

height
720

[narrow_stereo]

camera matrix
915.601177 0.000000 679.723690
0.000000 923.315371 433.503093
0.000000 0.000000 1.000000

distortion
0.026836 -0.098060 -0.000504 0.003469 0.000000

rectification
1.000000 0.000000 0.000000
0.000000 1.000000 0.000000
0.000000 0.000000 1.000000

projection
902.475647 0.000000 687.455376 0.000000
0.000000 924.544189 432.999491 0.000000
0.000000 0.000000 1.000000 0.000000

