D = [0.05265750561433156, -0.095151823107516, -0.010566056848777018, 0.009794377337663274, 0.0]
K = [948.1655907525603, 0.0, 695.0116979659582, 0.0, 941.2842350862661, 339.9472410207698, 0.0, 0.0, 1.0]
R = [1.0, 0.0, 0.0, 0.0, 1.0, 0.0, 0.0, 0.0, 1.0]
P = [949.2456665039062, 0.0, 710.566498235341, 0.0, 0.0, 954.9281005859375, 332.5676860286403, 0.0, 0.0, 0.0, 1.0, 0.0]
None
# oST version 5.0 parameters


[image]

width
1280

height
720

[narrow_stereo]

camera matrix
948.165591 0.000000 695.011698
0.000000 941.284235 339.947241
0.000000 0.000000 1.000000

distortion
0.052658 -0.095152 -0.010566 0.009794 0.000000

rectification
1.000000 0.000000 0.000000
0.000000 1.000000 0.000000
0.000000 0.000000 1.000000

projection
949.245667 0.000000 710.566498 0.000000
0.000000 954.928101 332.567686 0.000000
0.000000 0.000000 1.000000 0.000000

