mono pinhole calibration...
D = [0.05873282191687873, -0.12846117841514004, -0.004429849185148046, -0.009733356452758139, 0.0]
K = [938.0156864257622, 0.0, 652.9641351838268, 0.0, 942.70283175231, 389.8913948254973, 0.0, 0.0, 1.0]
R = [1.0, 0.0, 0.0, 0.0, 1.0, 0.0, 0.0, 0.0, 1.0]
P = [937.072265625, 0.0, 639.6680017851759, 0.0, 0.0, 954.6376342773438, 387.1379038180694, 0.0, 0.0, 0.0, 1.0, 0.0]
None
# oST version 5.0 parameters


[image]

width
1280

height
720

[narrow_stereo]

camera matrix
938.015686 0.000000 652.964135
0.000000 942.702832 389.891395
0.000000 0.000000 1.000000

distortion
0.058733 -0.128461 -0.004430 -0.009733 0.000000

rectification
1.000000 0.000000 0.000000
0.000000 1.000000 0.000000
0.000000 0.000000 1.000000

projection
937.072266 0.000000 639.668002 0.000000
0.000000 954.637634 387.137904 0.000000
0.000000 0.000000 1.000000 0.000000


