D = [0.0835621015515324, -0.11137863455649263, 0.0019858062796017572, -0.01988224410368482, 0.0]
K = [869.8531836631716, 0.0, 642.803570301938, 0.0, 870.2482308996433, 426.4391637358141, 0.0, 0.0, 1.0]
R = [1.0, 0.0, 0.0, 0.0, 1.0, 0.0, 0.0, 0.0, 1.0]
P = [877.469482421875, 0.0, 613.6372569244122, 0.0, 0.0, 900.128662109375, 427.9024153751816, 0.0, 0.0, 0.0, 1.0, 0.0]
None
# oST version 5.0 parameters


[image]

width
1280

height
720

[narrow_stereo]

camera matrix
869.853184 0.000000 642.803570
0.000000 870.248231 426.439164
0.000000 0.000000 1.000000

distortion
0.083562 -0.111379 0.001986 -0.019882 0.000000

rectification
1.000000 0.000000 0.000000
0.000000 1.000000 0.000000
0.000000 0.000000 1.000000

projection
877.469482 0.000000 613.637257 0.000000
0.000000 900.128662 427.902415 0.000000
0.000000 0.000000 1.000000 0.000000


