mono pinhole calibration...
D = [0.058944766035359586, -0.16034736550889964, 0.0015929214702851272, -0.0038464844287422755, 0.0]
K = [1001.3639139500143, 0.0, 661.5118655169703, 0.0, 1000.2445038046393, 360.6540947554223, 0.0, 0.0, 1.0]
R = [1.0, 0.0, 0.0, 0.0, 1.0, 0.0, 0.0, 0.0, 1.0]
P = [998.0037841796875, 0.0, 657.3260722035775, 0.0, 0.0, 1006.3101196289062, 360.9511810917138, 0.0, 0.0, 0.0, 1.0, 0.0]
None
# oST version 5.0 parameters


[image]

width
1280

height
720

[narrow_stereo]

camera matrix
1001.363914 0.000000 661.511866
0.000000 1000.244504 360.654095
0.000000 0.000000 1.000000

distortion
0.058945 -0.160347 0.001593 -0.003846 0.000000

rectification
1.000000 0.000000 0.000000
0.000000 1.000000 0.000000
0.000000 0.000000 1.000000

projection
998.003784 0.000000 657.326072 0.000000
0.000000 1006.310120 360.951181 0.000000
0.000000 0.000000 1.000000 0.000000

