mono pinhole calibration...
D = [0.04297224105368553, -0.146567816333347, 0.0033950204178197444, 0.006205237496035128, 0.0]
K = [947.554590082087, 0.0, 693.3311165601488, 0.0, 948.3202095595435, 381.0078006029609, 0.0, 0.0, 1.0]
R = [1.0, 0.0, 0.0, 0.0, 1.0, 0.0, 0.0, 0.0, 1.0]
P = [929.4796142578125, 0.0, 707.4822195040833, 0.0, 0.0, 951.961181640625, 382.2375664887877, 0.0, 0.0, 0.0, 1.0, 0.0]
None
# oST version 5.0 parameters


[image]

width
1280

height
720

[narrow_stereo]

camera matrix
947.554590 0.000000 693.331117
0.000000 948.320210 381.007801
0.000000 0.000000 1.000000

distortion
0.042972 -0.146568 0.003395 0.006205 0.000000

rectification
1.000000 0.000000 0.000000
0.000000 1.000000 0.000000
0.000000 0.000000 1.000000

projection
929.479614 0.000000 707.482220 0.000000
0.000000 951.961182 382.237566 0.000000
0.000000 0.000000 1.000000 0.000000

